28.06781074 -80.62456367
28.06784178 -80.62457476
28.06783489 -80.62451551
28.06783317 -80.62454562
28.06785391 -80.6246232
28.06779504 -80.62463336
28.06781243 -80.62464393
28.06786878 -80.62466039
28.06788248 -80.62469441
28.06789288 -80.62471814
28.06789829 -80.62473264
28.06791112 -80.62472556
28.06791863 -80.62471991
28.06792575 -80.62472764
28.06793242 -80.62474413
28.067944 -80.62474688
28.06794442 -80.62476266
28.06794413 -80.62477758
28.06794318 -80.62480169
28.06793102 -80.62482431
28.06792289 -80.62484636
28.0679071 -80.62486636
28.06787756 -80.62489009
28.06784338 -80.62490349
28.06780261 -80.62491068
28.06776083 -80.62491191
28.06770912 -80.62491438
28.06764043 -80.62492574
28.06758006 -80.624923
28.06751598 -80.62492227
28.06746107 -80.62493289
28.06740821 -80.62494146
28.06734011 -80.62494589
28.06727515 -80.62494646
28.06721125 -80.62495911
28.06714881 -80.6249599
28.0670847 -80.62496175
28.06702163 -80.62495736
28.06695794 -80.62495685
28.06689243 -80.62496419
28.06682855 -80.62496251
28.06676142 -80.62496169
28.06669658 -80.62496249
28.06663464 -80.62496707
28.06657517 -80.62497124
28.0665117 -80.62497393
28.06644733 -80.62497488
28.06638337 -80.62497277
28.06631303 -80.62497347
28.06625035 -80.6249746
28.06617846 -80.62497281
28.06611003 -80.62497677
28.06604299 -80.62497778
28.06597996 -80.62497783
28.06591448 -80.62497947
28.06584327 -80.62497953
28.06578855 -80.62498727
28.0657227 -80.62498044
28.065653 -80.62498704
28.06559125 -80.62498385
28.06552449 -80.62499129
28.06545926 -80.6249973
28.06539487 -80.62499273
28.06532746 -80.62499197
28.06525813 -80.62498678
28.06519664 -80.62498735
28.06513696 -80.62498671
28.06506984 -80.62499146
28.06500219 -80.62498758
28.06494333 -80.62498996
28.06488843 -80.62499363
28.06483091 -80.62500675
28.06477425 -80.62500388
28.06472821 -80.62500044
28.06467243 -80.62500308
28.06462203 -80.62499914
28.06457395 -80.62499495
28.0645146 -80.62499521
28.06445431 -80.62499847
28.0643965 -80.62500569
28.06434495 -80.62500457
28.06429577 -80.6250033
28.06424306 -80.62500054
28.06419336 -80.62500428
28.0641579 -80.62501134
28.06412666 -80.62500563
28.06411083 -80.62500945
28.06409664 -80.62501029
28.06406524 -80.62501437
28.06404048 -80.6250127
28.06401235 -80.62501051
28.0639802 -80.62499925
28.0639513 -80.62497663
28.06392681 -80.62494855
28.06390267 -80.62492095
28.06388303 -80.62488766
28.06386802 -80.6248476
28.06385859 -80.62480473
28.06384905 -80.62475389
28.06384858 -80.62470076
28.06385188 -80.62464602
28.06385616 -80.6245931
28.06386079 -80.62454041
28.06386446 -80.624488
28.06386777 -80.62443658
28.06387144 -80.62438813
28.06387418 -80.62434049
28.06387744 -80.62429358
28.06388125 -80.62424715
28.06388472 -80.62420317
28.06388667 -80.62415711
28.06387919 -80.62410498
28.06388921 -80.62404068
28.06389133 -80.62398132
28.06390019 -80.62391843
28.06391008 -80.62386367
28.06392012 -80.6238064
28.06392729 -80.62375395
28.0639281 -80.62370654
28.06393643 -80.62367002
28.06394133 -80.62362944
28.06394282 -80.62364286
28.06394766 -80.62362816
28.06396237 -80.62362922
28.06395828 -80.62361636
28.06395598 -80.62358274
28.06395432 -80.62355873
28.06394638 -80.62353599
28.06393342 -80.62351831
28.06391439 -80.62350553
28.06389194 -80.6234987
28.0638681 -80.623499
28.06384352 -80.62350467
28.0638087 -80.62351328
28.06377531 -80.62352047
28.06374004 -80.62352732
28.06370155 -80.62353026
28.06365054 -80.62352975
28.06360157 -80.62352875
28.0635532 -80.6235275
28.06350486 -80.62352623
28.06345975 -80.62352561
28.06341734 -80.62352559
28.06338689 -80.62352656
28.06336401 -80.62352878
28.06334991 -80.62353153
28.06333989 -80.62353469
28.06332947 -80.62353818
28.06331803 -80.6235411
28.06330384 -80.62354343
28.06328533 -80.6235455
28.0632527 -80.62354683
28.06321543 -80.62354801
28.06317414 -80.62354914
28.06313211 -80.62354926
28.06308902 -80.62354977
28.06304663 -80.62355049
28.06300394 -80.62355008
28.06296277 -80.62354922
28.06292453 -80.62354816
28.06289644 -80.62354761
28.06287533 -80.62354856
28.06286073 -80.6235484
28.06285142 -80.62354747
28.06283515 -80.62354468
28.06282212 -80.62354348
28.06280487 -80.62354279
28.06277708 -80.62354236
28.06274419 -80.62354183
28.06271027 -80.6235411
28.06267499 -80.6235399
28.06263825 -80.62353944
28.06259558 -80.623539
28.06255196 -80.62353918
28.06250839 -80.62353908
28.06246424 -80.62353791
28.06242093 -80.62353559
28.06237932 -80.62353399
28.06233832 -80.62353235
28.06229753 -80.62353111
28.06225627 -80.62353032
28.06221533 -80.62352975
28.06217544 -80.62352673
28.06213781 -80.62352307
28.06210145 -80.62351355
28.06207205 -80.62349617
28.06204737 -80.62346967
28.06202812 -80.62343446
28.06201573 -80.62339375
28.06201003 -80.62334787
28.06200828 -80.6232992
28.06200828 -80.62325244
28.06200819 -80.62320793
28.06200675 -80.62316738
28.06200636 -80.62313599
28.06200697 -80.62310449
28.06201156 -80.62307326
28.06202097 -80.62304315
28.06203644 -80.62301882
28.06205551 -80.62300132
28.06207273 -80.6229952
28.06209037 -80.62299174
28.06210658 -80.62298909
28.06212696 -80.62298902
28.06214868 -80.62299053
28.06217128 -80.62299305
28.06220263 -80.62299437
28.06223442 -80.62299594
28.06226605 -80.62299701
28.06229727 -80.62299761
28.06232833 -80.62299808
28.06235828 -80.62299868
28.062388 -80.62299947
28.06241783 -80.62300047
28.06244854 -80.62300177
28.06248005 -80.62300372
28.06251046 -80.62300578
28.06254056 -80.62300766
28.06256976 -80.62300942
28.06259854 -80.62301043
28.06262754 -80.62301098
28.06265648 -80.62301082
28.0626804 -80.62300996
28.0627031 -80.62300802
28.06272442 -80.62300609
28.06274413 -80.62300427
28.0627573 -80.62300283
28.06277133 -80.6230019
28.06278556 -80.6230014
28.0627996 -80.6230018
28.06281414 -80.62300187
28.06282937 -80.62300142
28.06284597 -80.6230011
28.06286363 -80.62300021
28.06288145 -80.62299895
28.06289818 -80.62299769
28.06291293 -80.62299613
28.06290476 -80.62299179
28.0628958 -80.62298749
28.0628987 -80.62297548
28.06290924 -80.62297398
28.06292209 -80.62297881
28.06293236 -80.62298173
28.06294355 -80.62298399
28.06295325 -80.62298613
28.06297076 -80.6229876
28.06298915 -80.62298646
28.06299982 -80.62298588
28.06301077 -80.62298477
28.06302231 -80.62298369
28.06304465 -80.62298276
28.06305684 -80.62298235
28.06306929 -80.62298105
28.06309931 -80.62298154
28.06311811 -80.62298225
28.06313737 -80.62298315
28.06315501 -80.62298334
28.06317126 -80.62298287
28.06318541 -80.62298362
28.06319787 -80.62298395
28.06321634 -80.62298541
28.06323475 -80.62298705
28.06324893 -80.62298834
28.0632726 -80.62298853
28.06328991 -80.622988
28.06330056 -80.6229812
28.06330151 -80.62297102
28.06331174 -80.62296944
28.06332662 -80.62296786
28.06333692 -80.62296809
28.06336298 -80.62296817
28.06338256 -80.62296797
28.06339492 -80.62296858
28.06345087 -80.62296969
28.06350459 -80.62296932
28.06355031 -80.62296944
28.06359546 -80.62297169
28.0636428 -80.62297432
28.06368117 -80.62297635
28.06371835 -80.62297762
28.0637536 -80.62297735
28.06378762 -80.62297793
28.06381834 -80.62297853
28.06384921 -80.62297911
28.06387472 -80.62297804
28.06389499 -80.62297725
28.06391248 -80.62297442
28.06393476 -80.62297249
28.06395248 -80.62296123
28.06396834 -80.62293669
28.06398599 -80.62291142
28.06400052 -80.62287944
28.06401175 -80.62282992
28.06402128 -80.62276707
28.06401157 -80.62265182
28.06400662 -80.6225617
28.06400956 -80.62247501
28.06399738 -80.62240336
28.06399487 -80.62232215
28.06398415 -80.62226881
28.06398717 -80.62220936
28.06399181 -80.62214912
28.06399629 -80.62209557
28.06400298 -80.62204874
28.06400783 -80.62201202
28.06400558 -80.6219787
28.06400322 -80.62194552
28.06400334 -80.62191325
28.06399682 -80.62188658
28.06399727 -80.62185995
28.06399512 -80.62183646
28.06399819 -80.62181279
28.06399716 -80.62179158
28.06399753 -80.6217716
28.06399741 -80.62175453
28.06399609 -80.6217441
28.06399361 -80.62172974
28.06399188 -80.62174099
28.06398853 -80.62173152
28.06398824 -80.62171904
28.0639862 -80.62170454
28.06398494 -80.62165195
28.06398338 -80.62159072
28.06399097 -80.62149505
28.06399144 -80.62142016
28.06399371 -80.62133966
28.06398821 -80.62125048
28.06398443 -80.6211673
28.06398739 -80.62106814
28.06398392 -80.6209686
28.06398612 -80.62085247
28.06397692 -80.62074311
28.06397906 -80.62062115
28.06398253 -80.6205044
28.06399669 -80.62039749
28.06402073 -80.6202661
28.06401371 -80.6201833
28.06401131 -80.62009165
28.06400343 -80.62004112
28.06399979 -80.62000043
28.06401314 -80.61995896
28.06402769 -80.61992668
28.06405842 -80.6199022
28.06408555 -80.61987353
28.06412052 -80.61984891
28.06415188 -80.61981732
28.06423481 -80.61982691
28.06430034 -80.61985915
28.06437075 -80.61985708
28.06445689 -80.61987132
28.06454702 -80.61986719
28.0646128 -80.61986906
28.06469125 -80.61989647
28.06477577 -80.61989813
28.06485399 -80.61990647
28.064942 -80.61990568
28.06503393 -80.61989816
28.06512107 -80.6198881
28.06521022 -80.61988955
28.06530458 -80.61988011
28.06539797 -80.61987763
28.06549891 -80.61989337
28.0655852 -80.61989414
28.0656759 -80.61988937
28.06577027 -80.61988518
28.06585238 -80.61988193
28.06593129 -80.61986557
28.06601609 -80.61987366
28.06608769 -80.61987968
28.06615445 -80.61987075
28.06621955 -80.619866
28.06627752 -80.61986891
28.06633018 -80.61986586
28.06637109 -80.61986022
28.06639376 -80.6198637
28.06644185 -80.61990079
28.06645899 -80.61993035
28.06647527 -80.61996018
28.06647465 -80.61998152
28.0664637 -80.62000969
28.06646722 -80.62004719
28.06647619 -80.62009484
28.0664773 -80.62014052
28.06647893 -80.62019562
28.06646289 -80.62023403
28.06647325 -80.6202765
28.06648052 -80.62031235
28.06647887 -80.62035119
28.06648114 -80.62037363
28.06648274 -80.62040119
28.06648382 -80.62043137
28.06647847 -80.62047052
28.06647888 -80.62050859
28.0664772 -80.62055163
28.06647618 -80.62058734
28.06647622 -80.62061379
28.06647962 -80.62062674
28.06648311 -80.62063657
28.06648417 -80.62065122
28.06648239 -80.62066374
28.06646926 -80.62068992
28.06645178 -80.62071546
28.06643133 -80.62073783
28.06640906 -80.62074908
28.06638871 -80.62075228
28.06637295 -80.62074979
28.06638505 -80.62073754
28.06638836 -80.62072697
28.06637469 -80.62072823
28.06635792 -80.62072793
28.06632569 -80.62072651
28.0662933 -80.62072225
28.06626449 -80.62071029
28.06623908 -80.62069247
28.06621871 -80.62066864
28.06620268 -80.6206448
28.06619395 -80.62061535
28.06619034 -80.62058321
28.06618975 -80.62055033
28.06618834 -80.6205123
28.06618937 -80.62046506
28.06619122 -80.62041889
28.06619526 -80.62036935
28.066198 -80.62032046
28.06620202 -80.62027023
28.06620396 -80.62022359
28.06620557 -80.62017765
28.06620628 -80.62013526
28.06620619 -80.62010248
28.0662068 -80.62007818
28.06620753 -80.62005685
28.06620791 -80.62004597
28.06620519 -80.62003431
28.06620621 -80.62002293
28.06620562 -80.62001117
28.06620579 -80.6199988
28.06620556 -80.61998667
28.06620341 -80.61997431
28.06619854 -80.61996227
28.06618971 -80.61994283
28.06618027 -80.61992473
28.06616291 -80.61990668
28.0661389 -80.61989362
28.0660946 -80.61986889
28.06600675 -80.6198584
28.06585236 -80.61988507
28.06575423 -80.61990771
28.06567013 -80.61992487
28.06559009 -80.61992914
28.06549748 -80.61993148
28.06542421 -80.61993709
28.06534184 -80.61994336
28.06524387 -80.6199512
28.06515276 -80.61995121
28.06505453 -80.61994831
28.0649873 -80.61994356
28.06491845 -80.6199444
28.06483702 -80.61994802
28.06479427 -80.61995323
28.06471217 -80.61995336
28.06463613 -80.61995515
28.06458191 -80.61995878
28.06451423 -80.6199555
28.06446978 -80.61995819
28.06443693 -80.61995905
28.06438667 -80.61996569
28.0643434 -80.61996585
28.06429473 -80.61995529
28.06425923 -80.61995954
28.06422849 -80.61996065
28.06420369 -80.61996352
28.06420151 -80.61994516
28.06418272 -80.61995029
28.06416182 -80.61994575
28.0641568 -80.61992862
28.06414684 -80.6199349
28.06413 -80.61994401
28.06410229 -80.6199623
28.06407858 -80.61999162
28.06405738 -80.62003718
28.06404347 -80.62009835
28.06405742 -80.62020291
28.06404832 -80.62027116
28.06404182 -80.62036478
28.06404864 -80.62044856
28.06406473 -80.62052758
28.06406859 -80.62062385
28.06407426 -80.62069214
28.0640746 -80.62075397
28.06408233 -80.62081312
28.06407819 -80.62086238
28.06408154 -80.6209227
28.064092 -80.62096748
28.06409231 -80.62101946
28.06409601 -80.62106664
28.06409684 -80.62111951
28.06409808 -80.62117677
28.06409447 -80.62124256
28.06410145 -80.62129591
28.06410478 -80.62135526
28.06410479 -80.62142718
28.06410763 -80.62148666
28.06411211 -80.62156231
28.06411756 -80.62163711
28.06411055 -80.62171365
28.06411132 -80.62179265
28.0641065 -80.62186957
28.06410868 -80.62194433
28.06410663 -80.62201806
28.06410006 -80.62208821
28.06410138 -80.62215937
28.06410751 -80.62222569
28.06410812 -80.62229019
28.06410719 -80.62235601
28.06412523 -80.62241584
28.06412185 -80.62248166
28.06412052 -80.62254661
28.06412196 -80.62261413
28.0641194 -80.62267825
28.06412364 -80.62274338
28.06413987 -80.62281556
28.06413008 -80.62287511
28.06412994 -80.62293388
28.06413546 -80.6230019
28.06412348 -80.62304354
28.06411251 -80.62308886
28.06411263 -80.62312128
28.06411308 -80.62315081
28.0641008 -80.62318157
28.06409803 -80.62321164
28.06410554 -80.62323676
28.06410502 -80.62327421
28.06412219 -80.6233188
28.06413053 -80.62338025
28.0641255 -80.62344164
28.06410772 -80.62350467
28.06410656 -80.62357958
28.06409505 -80.62365085
28.06408679 -80.6237281
28.06407682 -80.62379676
28.06405682 -80.62387658
28.06406241 -80.62394804
28.06405575 -80.62402367
28.06404974 -80.62409349
28.06404054 -80.6241438
28.06400708 -80.62419658
28.06400169 -80.62424688
28.06399501 -80.62429423
28.06399196 -80.62434139
28.06399045 -80.62438503
28.0639937 -80.62443473
28.0640036 -80.62448432
28.06399662 -80.62454222
28.06401148 -80.62459009
28.06399953 -80.62464283
28.06398604 -80.62469089
28.06399327 -80.62471962
28.06400414 -80.62474011
28.0640087 -80.62475364
28.06401384 -80.62478027
28.0640134 -80.6248126
28.06401238 -80.62484756
28.06401559 -80.62487548
28.06402503 -80.62489833
28.06404225 -80.62491683
28.06406305 -80.62492905
28.06408877 -80.62493575
28.0641175 -80.62493952
28.06415127 -80.62494017
28.06420147 -80.62493931
28.06425755 -80.62493819
28.06433664 -80.62492183
28.06438972 -80.62491997
28.06445018 -80.62491981
28.06451114 -80.624914
28.06457174 -80.62491019
28.06463546 -80.62490917
28.06470288 -80.6249088
28.0647728 -80.62490624
28.0648435 -80.6249035
28.06491437 -80.62489786
28.06498647 -80.62489448
28.06506512 -80.62489483
28.06513813 -80.6248931
28.06521427 -80.62489576
28.06528688 -80.62489651
28.06535929 -80.62489876
28.06543187 -80.62489381
28.0655011 -80.62489356
28.06556933 -80.62489749
28.06563948 -80.62489787
28.06570644 -80.62489446
28.06577812 -80.62489364
28.06584897 -80.62489812
28.06592804 -80.62489909
28.06600216 -80.62489973
28.06607486 -80.62489725
28.0661466 -80.6248951
28.06622041 -80.62489281
28.06629196 -80.62489006
28.06636415 -80.62489204
28.06643995 -80.62489183
28.06652274 -80.62488747
28.06659907 -80.62488464
28.06668407 -80.62488505
28.06676388 -80.62488412
28.06684389 -80.62488398
28.06692146 -80.62488683
28.06699137 -80.62488537
28.06705138 -80.62488591
28.06710575 -80.6248853
28.06715524 -80.62488283
28.06720183 -80.62488538
28.06723562 -80.62488281
28.0672614 -80.62487433
28.06728538 -80.62487164
28.06731029 -80.62486159
28.06732215 -80.62484917
28.06733633 -80.62482625
28.067351 -80.62479797
28.06736804 -80.62476404
28.06739047 -80.62472401
28.06741866 -80.62468427
28.06745758 -80.624663
28.06749183 -80.62463797
28.06752889 -80.62462445
28.06756778 -80.62461961
28.06760413 -80.62462132
28.06764115 -80.62463136
28.06767095 -80.62464245
28.06768224 -80.62465304
28.06767511 -80.62466336
28.06766844 -80.62465542
